48
80
300
480
820
896
930
1152
1210
1568
2178
2352
2374
2626
2694
2722
2876
3008
3096
3320
3640
3680
3808
3898
4364
4602
4970
5138
5308
5322
5572
5646
5818
6114
6194
6606
7178
7334
7382
7568
7598
7648
7874
8254
8636
8656
9114
9402
9426
9474
9536
9696
9780
9894
10114
10280
10904
10960
11304
11554
11838
12026
12078
12166
12204
12474
13040
13216
13218
13406
13436
13812
13924
14018
14920
14922
15258
15394
15502
15514
15674
15732
15964
16458
16502
16638
16704
16736
16862
17036
17120
17150
17250
17542
17550
17916
18048
18070
18232
18316
18476
18556
18640
18678
18786
19032
19064
19128
19310
19580
19722
19846
19904
19966
20002
20092
20192
20260
20344
20598
21364
21420
21592
21676
22132
22152
22294
22308
22404
22740
22766
22790
22804
23034
23082
23168
23584
23784
24360
24816
24946
25170
25404
25454
25518
25702
25850
26054
26242
26584
26712
26844
27238
27304
27308
27434
27636
27740
27744
27838
27898
28124
28290
28664
28840
28970
29148
29370
29640
30270
30552
30578
30694
31112
31380
31644
31830
31888
32180
32404
32680
32702
33030
33166
33210
33422
34112
34134
34562
34928
35204
35314
35748
35852
36476
36618
36948
36978
37212
37422
37942
38170
38404
38414
38514
38984
39054
39172
39724
40218
40782
40814
41392
41402
41562
41770
41856
41886
41976
42076
42220
42226
42778
43264
43306
43730
43888
43930
44234
44378
44594
44624
44920
44956
44994
45170
45704
45870
46006
46276
46502
46602
46646
47120
47564
47588
47854
48058
48230
48526
48862
48960
49098
49268
49360
49362
49636
50122
50144
50304
50448
50732
51172
51426
51452
51460
51504
51666
51746
51768
51846
51910
51946
52418
52486
52520
52554
52672
53120
53312
53362
53586
53730
53988
54500
54620
54748
54818
55168
55346
55504
55686
55844
56016
56176
56940
57042
57128
57304
57462
57808
58020
58192
58300
58328
58530
58550
58762
58904
58938
59100
59468
59860
59914
60028
60084
60182
60294
60476
60544
61128
61406
61492
61542
61650
61792
62156
62320
62522
62920
63114
63238
63282
63294
63366
63562
63992
64206
64380
64678
64684
64950
65164
65494
65598
66110
66434
67318
67536
67892
68148
68184
68218
68300
68360
68558
68698
68880
69144
69168
69352
69356
69496
69586
70036
70242
70394
70434
70636
70732
70808
70834
70836
71016
71212
71246
71394
71762
71866
72024
72048
72186
72400
72732
72830
72884
73090
73592
73956
74074
74176
74182
74678
74720
74854
74948
75040
75140
75336
75598
76180
76418
76630
76786
76816
76842
76928
77132
77150
77342
77880
78130
78142
78150
78340
79222
79362
79484
79610
79666
79874
79964
80330
80390
80466
80522
80606
81108
81232
81772
82040
82390
82480
83052
83088
83094
83096
83476
83618
83946
83958
83984
84352
84574
84690
84738
84950
85106
85240
85312
85516
85688
85702
85766
86232
86296
86326
87382
87752
87976
89904
90016
90206
90622
90950
91016
91074
91120
91340
91342
91400
91466
91492
91742
91916
92516
92880
93106
93190
93548
93548
93616
94056
94160
94324
94550
94772
95116
95418
95884
96144
96170
96202
96640
97990
98046
98228
98668
98728
98790
99024
99172
99246
99256
99272
99696
99808
99820
99968
99970
99575
99403
99193
99189
98521
98419
98345
98249
97991
97871
97523
97399
96701
96271
96169
96129
95693
95159
95129
94569
94377
94095
94085
93701
93669
93515
93011
92429
91975
91719
91505
91487
90713
90433
90429
90411
90389
90323
90285
90195
90185
89965
89919
89729
89503
89137
88853
88619
88453
88363
88333
88329
87909
87541
87337
86957
86803
86731
86709
86207
85263
85241
85149
84777
84465
84329
84179
84147
84001
83937
83925
83815
83063
82757
82587
82511
82357
82147
82121
82039
81935
81739
81391
81011
80885
80667
80617
80485
80077
80007
79841
79727
79415
79231
79181
78529
78517
78359
78093
78075
77833
77781
77743
77711
77613
77509
77255
77205
77099
76735
76577
76439
76241
76181
76169
75743
75657
75519
75505
75299
75153
75127
74983
74307
73289
73271
73153
73099
72531
72329
72095
72073
70949
70947
70421
70195
69979
69601
69599
69189
69171
68999
68685
68529
68409
67791
67673
67309
66833
66469
66437
66421
66315
66155
66141
65777
65527
65511
65415
64965
64853
64483
64327
63161
63061
63015
62835
62577
62465
62387
62287
62195
62069
62067
62057
62021
61897
61839
61511
61451
61269
61013
60817
60745
60493
60337
60153
60113
60023
59959
59943
59735
59715
59655
59021
59007
58871
58755
57659
57523
57509
57391
57339
56733
56711
56619
56563
56517
56281
56039
55967
55899
55729
55643
54985
54983
54925
54831
54703
54271
54189
53879
53835
53581
52957
52937
52609
52461
52063
51989
51505
51317
51225
51203
51113
51057
50873
50539
50483
50131
49887
49715
49617
49439
49311
48757
48279
48183
48149
48009
47997
47863
47835
47589
47531
47189
47085
46669
46467
46465
46431
46105
45915
45891
45791
45759
45751
45575
45361
45171
44919
44521
44255
44151
43913
43483
42043
41293
41043
40913
40655
40617
40617
40519
40507
40425
40363
40345
40177
39725
39709
39651
39549
39425
39311
39125
39119
38931
38925
38867
38499
38109
37879
37605
37487
37463
37449
37445
37223
37071
36955
36689
36687
36453
36223
36187
35961
35937
35909
35563
35511
35361
35327
35177
35119
34679
34563
34177
34141
33829
33767
33571
33379
33279
33149
33139
32769
32257
32023
31981
31691
31661
31405
31301
31281
31199
31093
30789
30673
30467
30405
29857
28325
27731
27237
27205
27175
27059
26997
26955
26921
26849
26803
26755
26717
26623
26471
26221
25983
25637
25441
25317
25169
24535
24465
24393
23873
23437
23361
22741
22739
22361
22325
21903
21715
21707
21533
21121
21097
20563
20239
19809
19705
19625
19585
19485
19203
19051
18771
18605
18403
18393
18271
18025
17685
17469
17385
16779
16531
16221
16179
15539
15195
14929
14833
14825
14785
14775
14651
14593
14575
14023
14023
13995
13823
13481
13389
13061
12947
12943
12703
12487
11915
11811
11805
11759
11741
11449
11439
11403
11293
11125
11065
10957
10941
10809
10691
10465
10233
10193
10119
10077
9701
9683
9585
9453
9065
8757
8463
7903
7783
7437
7341
6971
6965
6959
6567
6147
5559
5513
5437
5199
5141
5131
4165
4091
3959
3237
2723
2505
2317
2237
1975
1941
1723
981
729
645
129
113